SplineFontDB: 3.0
FontName: Gidole-Regular
FullName: Gidole Regular
FamilyName: Gidole
Weight: Regular
Copyright: Copyright (c) 2014, Andreas Larsen
Version: 0.3
ItalicAngle: 0
UnderlinePosition: -75
UnderlineWidth: 50
Ascent: 800
Descent: 200
InvalidEm: 0
sfntRevision: 0x00004ccd
LayerCount: 4
Layer: 0 0 "Back" 1
Layer: 1 0 "Fore" 0
Layer: 2 0 "Back 2" 1
Layer: 3 0 "Back 3" 1
HasVMetrics: 1
XUID: [1021 365 -928128380 14908284]
FSType: 0
OS2Version: 4
OS2_WeightWidthSlopeOnly: 1
OS2_UseTypoMetrics: 1
CreationTime: 1417722385
ModificationTime: 1419092740
PfmFamily: 33
TTFWeight: 400
TTFWidth: 5
LineGap: 200
VLineGap: 0
Panose: 2 0 5 3 0 0 0 0 0 0
OS2TypoAscent: 800
OS2TypoAOffset: 0
OS2TypoDescent: -200
OS2TypoDOffset: 0
OS2TypoLinegap: 200
OS2WinAscent: 800
OS2WinAOffset: 0
OS2WinDescent: -200
OS2WinDOffset: 0
HheadAscent: 800
HheadAOffset: 0
HheadDescent: -200
HheadDOffset: 0
OS2SubXSize: 650
OS2SubYSize: 700
OS2SubXOff: 0
OS2SubYOff: 140
OS2SupXSize: 650
OS2SupYSize: 700
OS2SupXOff: 0
OS2SupYOff: 480
OS2StrikeYSize: 49
OS2StrikeYPos: 258
OS2CapHeight: 677
OS2XHeight: 467
OS2Vendor: 'PfEd'
OS2CodePages: 00000001.00000000
OS2UnicodeRanges: 00000001.00000000.00000000.00000000
Lookup: 1 0 0 "'salt' Stylistic Alternatives lookup 0" { "'salt' Stylistic Alternatives lookup 0-1"  "'salt' Stylistic Alternatives lookup 0-2"  } ['salt' ('DFLT' <'dflt' > 'grek' <'dflt' > 'latn' <'dflt' > ) ]
Lookup: 260 0 0 "'mark' Mark Positioning in Latin lookup 0" { "'mark' Mark Positioning in Latin lookup 0-1"  } []
MarkAttachClasses: 1
DEI: 91125
LangName: 1033 "" "" "" "Andreas Larsen : Gidole Regular : 8-12-2014"
Encoding: mac
UnicodeInterp: none
NameList: AGL For New Fonts
DisplaySize: -48
AntiAlias: 1
FitToEm: 1
WidthSeparation: 120
WinInfo: 322 14 10
BeginPrivate: 6
BlueValues 15 [-20 0 667 673]
BlueShift 1 0
StdHW 4 [70]
StdVW 4 [74]
StemSnapH 7 [70 95]
StemSnapV 13 [72 73 74 80]
EndPrivate
Grid
-1000 648 m 0
 2000 648 l 1024
  Named: "dia top"
2000 539.5 m 1024
-1000 517 m 0
 2000 517 l 1024
  Named: "dia bottom"
-1000 477 m 0
 2000 477 l 1024
-1000 -184.999938965 m 0
 2000 -184.999938965 l 1024
-1000 667 m 0
 2000 667 l 1024
-1000 250 m 0
 2000 250 l 1024
EndSplineSet
TeXData: 1 0 0 314572 157286 104857 500171 1048576 104857 783286 444596 497025 792723 393216 433062 380633 303038 157286 324010 404750 52429 2506097 1059062 262144
AnchorClass2: "Apos" "'mark' Mark Positioning in Latin lookup 0-1" "Center" "'mark' Mark Positioning in Latin lookup 0-1" "center" "" "AA" "" "Bottom" "'mark' Mark Positioning in Latin lookup 0-1" "Top" "'mark' Mark Positioning in Latin lookup 0-1" "bottom dia" "" "top dia" "" 
EndSplineFont
