StartChar: quotedblbase
Encoding: 363 8222 107
GlifName: quotedblbase
Width: 740
Flags: W
HStem: -220 424<165.391 205 485.391 525>
VStem: 100 220<4.36516 184.891> 420 220<4.36516 184.891>
LayerCount: 4
Back
Fore
Refer: 85 8217 S 1 0 0 1 320 -1226 2
Refer: 85 8217 N 1 0 0 1 0 -1226 2
Layer: 2
Layer: 3
EndChar
