StartChar: ellipsis
Encoding: 8230 8230 110
GlifName: ellipsis
Width: 542
VWidth: 0
Flags: W
HStem: -6 102<58.2266 143.773 228.227 313.773 398.227 483.773>
VStem: 50 102<2.22656 87.7734> 220 102<2.22656 87.7734> 390 102<2.22656 87.7734>
CounterMasks: 1 70
LayerCount: 4
Back
Fore
Refer: 1 46 N 1 0 0 1 340 0 2
Refer: 1 46 N 1 0 0 1 170 0 2
Refer: 1 46 N 1 0 0 1 0 0 2
Validated: 1
Layer: 2
Layer: 3
EndChar
